0.0
0.0
0.23809523809523814
0.0
-0.00042179346581661115
0.0
3.8412570507655115
1.7109351799577723
0.0
1.2338388449450184
0.7971555437429763
0.4072467056088154
0.0
0.5
5.7912663755458516
0.6950812208518413
0.0
-0.04246957848197408
1.3156626978076873
0.0
0.19613674914161794
-0.005647563445728587
3.629425560170665
-0.44075829383886256
0.0
-0.03514289621222477
-0.028270618054201613
-0.1351351351351351
-0.027040019228458112
0.0
-0.004634105684280687
-0.005428419372006332
4.546284224250326
0.4014251781472684
13.968930669800235
0.4687289845326159
0.0
0.06338163782614092
0.31403118040089084
0.7063778580024067
5.513089005235602
0.0
0.8985100410278557
0.0
19.76222273856548
13.056346362232146
0.9080839028988923
0.0
3.4581482843483915
-0.011783827712312123
0.894419306184012
-0.0003527089215298318
0.0
0.0
5.607750008188935
1.8588709677419355
7.522915101427499
0.8934550989345509
0.0
12.47268408551069
1.4409232269235295
0.0
0.08835401405292265
1.0
0.5618795499669094
0.3820662768031189
1.8935657475305616
0.49115417017691665
0.49251959154595104
0.48949579831932777
1.0
0.25
0.43328840970350413
0.9754464285714286
0.0
1.0
0.0
2.212405249615504
0.47377185678601164
0.5
0.0
0.0
-0.003431849613276694
-0.0048620319504957266
2.973225404732254
0.0
-0.20068965221456414
0.0
0.43007822633942006
0.8273195876288659
0.0
0.0
0.0
0.9078655903885864
0.9227467811158798
35.82588996763754
13.152010050251256
9.531026135142074
0.918710747718924
5.9113110911774065
-0.008751922770911746
0.42274247491638794
0.4822299651567945
0.0
0.0
-0.03032913985338237
0.0
0.0
1.0593368237347294
0.0
0.0
0.4679089026915113
0.8839169139465874
-0.020172488321394177
-0.009978706525823555
0.0
0.0
0.0
1.0
0.2468300929839391
1.6114430962543764
-0.042085256584306285
-0.037094281298299836
0.0
0.0
0.0
0.0
0.0
12.016976380804508
0.0
1.9846272737164337
0.0
0.4873949579831933
1.944623904014767
0.8569931901519119
0.0
0.0
0.0
0.10013411662479466
0.0
1.4164903525579509
0.5
0.0
34.844656982993854
-0.0045630045630045135
0.0
0.0
0.0
1.9811283075386918
0.44497282608695654
-0.007965016398563174
1.3048750712134778
0.6325845055637203
-0.013223173752312523
-0.00761176666112684
-0.004739841295201552
0.4781097984711604
0.0
0.9516319307904051
0.0
0.0
0.0
0.0
0.36679536679536673
0.0
0.0
1.8836889194769442
0.5
0.0
0.8535964353914705
0.0
0.0
-0.0023840911003281118
0.0
0.43503937007874005
0.9616600790513834
0.36244541484716164
0.0
0.9310344827586208
1.3200115201843228
0.0
1.7004467169466033
-0.039477266539613365
-0.04621567314132624
-0.06095148374941117
-0.060702875399361034
0.0
13.053518334985133
0.10688763874106733
6.446045105044314
1.963916391639164
0.0
0.3819905213270143
0.0
0.0
1.4549237170596392
0.11618398637137983
1.5321368383243872
0.0
0.0
17.826157045260196
0.0
0.49493243243243246
0.44008124576844954
0.0
-0.011438798537078854
1.9635217628666437
0.0
-0.057960129834017216
0.45684931506849313
0.051743787565452504
2.0
0.48241206030150763
0.46827794561933533
1.2131432487884966
-0.04521072796934866
-0.053267140748691766
0.0
0.7979028368602161
0.0
0.0
0.9020791415157612
0.8787096774193548
0.9413333333333334
0.9001610305958132
1.8607191624943105
0.32453945872185574
0.0
-0.005661089445213263
0.8921377517868745
0.8351477449455678
-0.0004388585660271005
0.770491899360711
1.6687578419071518
0.0
0.0
0.0
6.317660550458716
0.40226147573548676
0.2438596491228071
0.0
0.0
-0.012051045292042484
-0.0034063260340632118
0.9160267577843015
-0.004231673434494598
-0.0010900301732990059
0.0974430342371504
0.8147727609414563
2.4014953607783083
0.24262847514743058
4.976653696498055
0.8966850181562609
4.575360419397117
0.0
-0.02319617671057228
0.44635761589403966
0.0
3.3496932515337425
2.7709628994209736
-0.003959386883060856
0.0
0.6468571585250724
0.009577304117561303
0.0
0.5
0.0
0.0
-0.023742157706975076
0.0
7.134978229317852
0.0
0.7157838128529175
1.8777472527472527
1.7913385826771653
-0.035484505780129516
0.44497282608695654
0.8175391201409121
0.0
2.561368209255533
-0.015047302817086994
4.395337630263237
0.8738738738738738
0.0
0.0
0.48976807639836295
0.0
0.0
1.86489252814739
-0.02152592561480149
0.0
0.0
6.886285968996088
0.7353844222551169
1.3028883684621388
0.0
0.0
0.0
0.46993780234968896
-0.012157733375621094
-0.009685551280350313
0.8626677190213101
0.0
0.4671495085359545
2.0
-0.01417629385129704
-0.0016525446029156399
0.0
3.3918248561412794
0.0
7.719883889695211
0.4616019818331958
1.5846153846153848
0.0
1.2394546716451806
0.0
-0.035322777101096214
4.840197693574959
5.336355870046474
0.9943741209563994
0.5
0.4578478409869773
1.557377049180328
0.38497652582159625
0.0
1.0
2.458561680431099
0.6156236129604971
0.8670886075949367
0.0
0.0
0.4579439252336448
0.45919208573784
-7.590516914202095e-05
1.0
0.4781097984711604
1.8453398223077357
0.0
1.3726056498511117
0.43980272700899325
0.0
0.1976351351351351
0.36600836270126713
1.7999999999999998
0.8654708520179373
4.314178638351031
-0.004859086491739606
-0.011052186891762017
12.505007153075823
0.0
0.0
0.0
2.8064725619655806
1.3169934640522878
1.9401993355481726
0.0
0.3498980159465974
-0.04483850951961077
1.251676756774485
1.9563323101297159
0.4284754869039624
0.0
0.4897826792085631
4.861511146182679
0.30747922437673125
0.0
0.44540039708802115
-0.039284742211921464
0.4616019818331958
0.9413333333333334
0.4231451895002527
0.0
0.0
0.05192878338278928
0.0
0.0
34.39966441060898
0.8109452736318408
0.3449848024316109
0.4873949579831933
0.0
1.2651757188498403
0.0
0.4616019818331958
-0.029614846109748405
-0.0013392969954261202
-0.030245447347585164
0.48165315077530146
0.0
7.762275157997083
2.2378048780487805
0.46490335707019326
0.0
0.8499673842139595
3.209681967726774
-0.004156453159970153
0.36585365853658547
3.057157402064732
8.63642541624193
4.264851485148514
0.0
8.0
0.44635761589403966
1.765625
0.39019732654360273
2.819803900331495
0.0
1.1602373887240356
0.4990240728692257
0.47132169576059857
0.4781097984711604
0.9155844155844155
0.0
5.921099242613581
0.0
0.47377185678601164
2.8332660607020537
-0.009064223734718269
-0.007143118795560288
1.1364930130723163
0.0
1.7078294080203693
0.0
0.0
12.943384982121573
