1
4
5
1
1
2
5
11
1
5
5
5
1
3
16
2
2
10
9
1
4
1
5
1
1
1
1
1
1
1
1
1
12
3
16
3
1
10
5
4
8
1
2
2
32
32
2
1
5
1
2
1
1
1
8
6
32
4
1
32
9
1
10
2
4
5
3
3
3
3
2
10
3
9
1
2
1
12
3
3
1
2
1
1
9
2
8
2
5
5
2
1
2
2
2
40
15
15
2
8
1
3
3
1
1
10
1
1
8
2
1
3
2
8
1
1
2
2
2
5
3
1
1
1
1
7
3
2
40
2
7
2
3
9
5
2
2
1
10
1
9
3
3
40
1
1
1
1
3
3
1
3
2
10
1
1
3
3
7
1
1
1
1
3
1
1
3
3
1
4
1
3
3
4
3
7
3
1
4
6
1
6
1
1
1
1
1
40
10
32
19
1
3
1
2
3
9
10
1
1
40
1
3
3
2
1
3
1
3
3
10
3
3
3
10
1
1
1
2
1
2
4
4
4
4
3
8
1
2
4
4
2
8
6
4
5
1
9
5
5
1
1
1
1
2
2
8
3
8
4
5
6
2
12
2
1
3
7
5
4
1
1
7
3
1
3
1
1
1
1
19
1
9
3
6
10
3
8
2
12
1
6
4
2
4
3
1
1
6
6
4
2
8
4
5
1
1
2
3
1
1
4
1
4
3
1
8
1
5
1
9
3
3
1
17
1
1
10
52
4
3
3
3
3
1
2
12
5
2
1
1
6
3
5
2
3
3
2
5
7
1
2
3
3
4
12
1
1
32
1
1
2
4
5
3
1
10
1
10
3
3
2
3
6
4
1
3
10
3
2
8
2
1
2
1
1
40
2
3
3
1
5
2
3
5
5
1
4
1
9
18
5
1
4
9
2
3
9
40
12
1
9
3
3
3
9
3
7
3
3
3
4
1
8
10
3
4
1
1
10
1
6
2
1
33
